0,0.4425,-0.4273,-0.2441
0,0.3967,-0.412,-0.1984
0,0.4273,-0.412,-0.1831
0,0.4425,-0.412,-0.2136
0,0.4578,-0.412,-0.2747
0,0.412,-0.412,-0.2136
0,0.3815,-0.4425,-0.2136
0,0.3662,-0.4425,-0.2136
0,0.3967,-0.4425,-0.2136
0,0.4578,-0.3815,-0.2289
0,0.4425,-0.3967,-0.1984
0,0.3967,-0.412,-0.1984
0,0.473,-0.3967,-0.1984
0,0.3815,-0.3815,-0.2289
0,0.412,-0.4578,-0.1984
0,0.4425,-0.412,-0.2136
0,0.4578,-0.412,-0.2136
0,0.4425,-0.4273,-0.2441
0,0.4883,-0.4273,-0.2136
0,0.3967,-0.4273,-0.1679
0,0.412,-0.4273,-0.2289
0,0.3662,-0.3967,-0.2136
0,0.3967,-0.4273,-0.2289
0,0.5188,-0.4425,-0.2747
0,0.4425,-0.4425,-0.2136
0,0.4425,-0.4425,-0.1984
0,0.473,-0.4425,-0.2594
0,0.4425,-0.4273,-0.2136
0,0.473,-0.4425,-0.2136
0,0.473,-0.4273,-0.1984
0,0.4425,-0.412,-0.2594
0,0.3815,-0.412,-0.2136
0,0.3967,-0.4273,-0.2289
0,0.412,-0.4273,-0.2136
0,0.3967,-0.412,-0.1831
0,0.3662,-0.412,-0.2136
0,0.4425,-0.4273,-0.2594
0,0.412,-0.4425,-0.2136
0,0.4425,-0.412,-0.2289
0,0.3967,-0.4425,-0.1984
0,0.3967,-0.4425,-0.1984
0,0.3967,-0.4425,-0.2289
0,0.4883,-0.412,-0.2289
0,0.3204,-0.4425,-0.2136
0,0.4273,-0.4273,-0.2136
0,0.412,-0.4273,-0.2136
0,0.412,-0.4425,-0.1831
0,0.412,-0.3967,-0.2441
0,0.4273,-0.412,-0.2289
0,0.4273,-0.412,-0.2899
0,0.351,-0.3967,-0.2136
0,0.3815,-0.4425,-0.2441
0,0.3662,-0.4273,-0.2441
0,0.412,-0.4425,-0.2289
0,0.3815,-0.412,-0.2289
0,0.473,-0.4425,-0.2594
0,0.3967,-0.4273,-0.1984
0,0.4273,-0.4273,-0.2289
0,0.3662,-0.4425,-0.2289
0,0.412,-0.412,-0.2289
0,0.351,-0.4273,-0.2136
0,0.4425,-0.4425,-0.2289
0,0.3967,-0.4578,-0.2441
0,0.412,-0.412,-0.1831
0,0.412,-0.4425,-0.2289
0,0.4273,-0.412,-0.2289
0,0.473,-0.412,-0.2441
0,0.412,-0.4578,-0.2441
0,0.4578,-0.4273,-0.2136
0,0.3967,-0.4425,-0.2289
0,0.412,-0.4273,-0.2289
0,0.412,-0.412,-0.2289
0,0.3815,-0.4273,-0.2136
0,0.4425,-0.4273,-0.1984
0,0.412,-0.412,-0.1984
0,0.3815,-0.412,-0.2289
0,0.3967,-0.4273,-0.2289
0,0.3967,-0.4425,-0.2289
0,0.412,-0.412,-0.2289
0,0.3357,-0.412,-0.2441
0,0.4578,-0.4273,-0.2289
0,0.3662,-0.412,-0.2289
0,0.4273,-0.412,-0.2747
0,0.3967,-0.4425,-0.2136
0,0.4273,-0.4578,-0.1984
0,0.351,-0.4578,-0.2136
0,0.351,-0.4578,-0.2289
0,0.3967,-0.412,-0.2289
0,0.412,-0.4273,-0.2289
0,0.3967,-0.412,-0.2136
0,0.4273,-0.3967,-0.2441
0,0.3815,-0.4273,-0.2594
0,0.3662,-0.3967,-0.2441
0,0.4273,-0.4425,-0.1984
0,0.473,-0.4273,-0.2289
0,0.4578,-0.4425,-0.1984
0,0.473,-0.412,-0.2289
0,0.3815,-0.4425,-0.1984
0,0.351,-0.473,-0.1984
0,0.4273,-0.412,-0.2136
0,0.4578,-0.412,-0.2289
0,0.3662,-0.412,-0.1831
0,0.3815,-0.4273,-0.2899
0,0.3967,-0.4425,-0.2136
0,0.4273,-0.4273,-0.2289
0,0.4578,-0.4425,-0.2289
0,0.4273,-0.4425,-0.2441
0,0.3967,-0.4273,-0.2441
0,0.412,-0.412,-0.1831
0,0.4425,-0.4273,-0.2289
0,0.3967,-0.3815,-0.1984
0,0.4425,-0.3815,-0.1984
0,0.351,-0.4425,-0.1679
0,0.3815,-0.4273,-0.2289
0,0.4425,-0.4425,-0.2441
0,0.412,-0.4273,-0.1984
0,0.4273,-0.4578,-0.2289
0,0.412,-0.4273,-0.2441
0,0.4883,-0.4425,-0.2594
0,0.4273,-0.4273,-0.2289
0,0.4273,-0.4273,-0.2289
0,0.4578,-0.4273,-0.1984
0,0.3967,-0.3967,-0.2594
0,0.4273,-0.412,-0.2594
0,0.473,-0.412,-0.2289
0,0.412,-0.412,-0.2136
0,0.3967,-0.4425,-0.2136
0,0.3815,-0.4273,-0.2441
0,0.4578,-0.4273,-0.1984
0,0.473,-0.412,-0.2441
0,0.3662,-0.4425,-0.1984
0,0.473,-0.3967,-0.2136
0,0.4273,-0.4425,-0.2136
0,0.3815,-0.4425,-0.2747
0,0.4425,-0.4273,-0.2136
0,0.4273,-0.412,-0.2136
0,0.3967,-0.412,-0.1526
0,0.3662,-0.412,-0.2441
0,0.3662,-0.4425,-0.1984
0,0.4273,-0.4273,-0.1984
0,0.412,-0.3815,-0.2136
0,0.351,-0.4425,-0.2289
0,0.3662,-0.412,-0.1984
0,0.473,-0.412,-0.2441
0,0.3815,-0.4273,-0.2289
0,0.3662,-0.4273,-0.1984
0,0.412,-0.412,-0.2289
0,0.412,-0.4273,-0.2136
0,0.351,-0.4273,-0.1984
0,0.412,-0.412,-0.2136
0,0.3662,-0.4425,-0.2136
0,0.412,-0.412,-0.2289
0,0.3815,-0.4425,-0.2441
0,0.4273,-0.412,-0.2289
0,0.3815,-0.412,-0.2441
0,0.3815,-0.4425,-0.2594
0,0.3662,-0.4425,-0.2289
0,0.412,-0.412,-0.2594
0,0.3967,-0.3967,-0.2136
0,0.3967,-0.412,-0.1984
0,0.4273,-0.4273,-0.2289
0,0.3662,-0.412,-0.2441
0,0.3815,-0.4425,-0.2136
0,0.3662,-0.412,-0.1984
0,0.4273,-0.412,-0.2136
0,0.4273,-0.412,-0.2136
0,0.412,-0.3967,-0.2441
0,0.4273,-0.412,-0.1831
0,0.3967,-0.412,-0.2289
0,0.412,-0.4273,-0.2594
0,0.3967,-0.3815,-0.2289
0,0.473,-0.4273,-0.2289
0,0.4273,-0.4273,-0.2136
0,0.3815,-0.412,-0.2289
0,0.412,-0.412,-0.2136
0,0.4273,-0.3967,-0.1984
0,0.3815,-0.4273,-0.1679
0,0.3815,-0.4273,-0.2441
0,0.3662,-0.4273,-0.2136
0,0.3815,-0.412,-0.3204
0,0.473,-0.4425,-0.2289
0,0.3662,-0.4425,-0.2136
0,0.4273,-0.4273,-0.1831
0,0.473,-0.412,-0.2441
0,0.412,-0.4273,-0.2441
0,0.3967,-0.4425,-0.1984
0,0.412,-0.412,-0.2289
0,0.3815,-0.3967,-0.2136
0,0.412,-0.4425,-0.2136
0,0.3967,-0.4273,-0.1526
0,0.3662,-0.4425,-0.2441
0,0.473,-0.4273,-0.2136
0,0.3815,-0.3967,-0.2899
0,0.412,-0.412,-0.1679
0,0.3815,-0.412,-0.2289
0,0.3815,-0.4425,-0.2136
0,0.3815,-0.3967,-0.2289
0,0.3967,-0.4273,-0.2289
0,0.4273,-0.4273,-0.2289
0,0.4273,-0.4425,-0.2289
0,0.4273,-0.3967,-0.2136
0,0.4425,-0.412,-0.2136
0,0.3815,-0.412,-0.2289
0,0.351,-0.4578,-0.2136
0,0.3967,-0.412,-0.2441
0,0.412,-0.4273,-0.1984
0,0.3662,-0.351,-0.2747
0,0.5036,-0.3967,-0.2441
0,0.4425,-0.412,-0.2136
0,0.4425,-0.4273,-0.1831
0,0.4273,-0.4425,-0.2594
0,0.3815,-0.412,-0.2594
0,0.3815,-0.4578,-0.2289
0,0.473,-0.4273,-0.2136
0,0.4425,-0.412,-0.2289
0,0.4273,-0.3967,-0.1984
0,0.3815,-0.3815,-0.2594
0,0.3815,-0.4273,-0.2136
0,0.4273,-0.4273,-0.2441
0,0.351,-0.3967,-0.2441
0,0.3967,-0.3815,-0.2289
0,0.4578,-0.4425,-0.2136
0,0.412,-0.4425,-0.1831
0,0.4425,-0.4273,-0.1984
0,0.3662,-0.4578,-0.2136
0,0.4273,-0.412,-0.1984
0,0.412,-0.4273,-0.2136
0,0.473,-0.3662,-0.2289
0,0.3204,-0.5036,-0.2441
0,0.4425,-0.3662,-0.1831
0,0.351,-0.4883,-0.2289
0,0.5188,-0.3357,-0.1831
0,0.3967,-0.4425,-0.2136
0,0.3357,-0.4883,-0.2289
0,0.2747,-0.5188,-0.1984
0,0.1831,-0.6714,-0.1984
0,0.5188,-0.3052,-0.2136
0,0.3662,-0.4425,-0.2289
0,0.4425,-0.3815,-0.2289
0,0.351,-0.4883,-0.2289
0,0.5036,-0.3662,-0.2441
0,0.3357,-0.5036,-0.1831
0,0.5188,-0.4273,-0.2594
0,0.4273,-0.4578,-0.1679
0,0.4883,-0.4273,-0.2594
0,0.412,-0.412,-0.2136
0,0.4578,-0.4273,-0.1984
0,0.473,-0.351,-0.2289
0,0.3967,-0.4578,-0.1984
0,0.4425,-0.4425,-0.2441
0,0.3815,-0.4425,-0.2136
0,0.473,-0.412,-0.1831
0,0.4273,-0.4425,-0.1831
0,0.412,-0.4578,-0.2289
0,0.4273,-0.4273,-0.1984
0,0.4425,-0.4425,-0.2136
0,0.473,-0.412,-0.2594
0,0.3967,-0.4273,-0.1984
0,0.4425,-0.4273,-0.1984
0,0.412,-0.4425,-0.1984
0,0.4273,-0.4273,-0.2594
0,0.412,-0.4273,-0.1984
0,0.5493,-0.4425,-0.1526
0,-1.9837,-5.8138,-4.6999
0,0.9461,2.7772,-0.4425
0,-1.6785,-2.3347,-1.3428
0,2.7161,1.4344,-0.351
0,0.4883,-0.0153,-0.1679
0,-0.2441,-0.9766,-0.2289
0,0.0458,-0.9003,-0.1984
0,0.7782,-0.1068,-0.2594
0,0.5188,-0.3204,-0.1984
0,0.6561,-0.0763,-0.2441
0,0.3204,-0.4883,-0.1831
0,0.3967,-0.3662,-0.2289
0,0.3815,-0.4578,-0.1831
0,0.3967,-0.412,-0.2289
0,0.412,-0.4425,-0.1831
0,0.4273,-0.412,-0.1831
0,0.3967,-0.3815,-0.2441
0,0.4425,-0.3815,-0.2289
0,0.5036,-0.3815,-0.1984
0,0.4578,-0.4273,-0.2136
0,0.473,-0.3967,-0.2136
0,0.4273,-0.3815,-0.2289
0,0.4578,-0.3815,-0.2289
0,0.4578,-0.4273,-0.2136
0,0.412,-0.4273,-0.1984
0,0.4425,-0.4425,-0.2136
0,0.4425,-0.4425,-0.2136
0,0.4273,-0.412,-0.1984
0,0.351,-0.4273,-0.1831
0,0.412,-0.4425,-0.2136
0,0.3357,-0.4425,-0.1831
0,0.4425,-0.3815,-0.2289
0,0.412,-0.4273,-0.2136
0,0.4273,-0.4425,-0.1984
0,0.4425,-0.3815,-0.1984
0,0.3815,-0.4578,-0.2289
0,0.3967,-0.4273,-0.1984
0,0.4425,-0.4425,-0.2136
0,0.412,-0.4273,-0.1831
0,0.4578,-0.4273,-0.2136
0,0.4273,-0.412,-0.1984
0,0.473,-0.351,-0.2136
0,0.3967,-0.4273,-0.1831
0,0.4425,-0.412,-0.1831
0,0.4578,-0.4273,-0.2289
0,0.5036,-0.3967,-0.2289
0,0.7019,-8.2705,-6.7751
0,-6.119,3.2044,-13.3366
0,7.6449,4.7304,-6.3021
0,-1.0529,-1.5412,-0.885
0,0.8393,0.1526,-0.1221
0,0.6714,-0.1831,-0.351
0,0.4425,-0.473,-0.2594
0,0.351,-0.3662,-0.1679
0,0.5036,-0.351,-0.2289
0,0.3052,-0.5341,-0.2136
0,0.3662,-0.4273,-0.2136
0,0.4883,-0.3967,-0.1679
0,0.3662,-0.412,-0.1984
0,0.412,-0.473,-0.1984
0,0.473,-0.3815,-0.1984
0,0.4578,-0.3967,-0.2136
0,0.4425,-0.412,-0.2441
0,0.3967,-0.3815,-0.2136
0,0.3967,-0.3967,-0.2441
0,0.4273,-0.4273,-0.2289
0,0.3662,-0.4273,-0.2441
0,0.4273,-0.4273,-0.1984
0,0.3967,-0.4273,-0.2441
0,0.3967,-0.412,-0.2136
0,0.3967,-0.4273,-0.2136
0,0.4273,-0.3967,-0.2136
0,0.4578,-0.412,-0.2441
0,0.412,-0.3967,-0.2594
0,0.4273,-0.412,-0.2289
0,0.351,-0.412,-0.2136
0,0.3662,-0.3967,-0.2136
0,0.4578,-0.412,-0.2289
0,0.473,-0.3815,-0.1984
0,0.473,-0.3815,-0.1831
0,0.4578,-0.3662,-0.1984
0,0.4273,-0.4578,-0.2289
0,0.5036,-0.4273,-0.2136
0,0.4273,-0.412,-0.2136
0,0.4578,-0.412,-0.2289
0,0.4273,-0.412,-0.1984
0,0.3815,-0.4273,-0.1679
0,0.473,-0.4273,-0.2136
0,0.5036,-0.4425,-0.2136
0,0.4425,-0.412,-0.2136
0,0.412,-0.412,-0.2441
0,0.3967,-0.4425,-0.2289
0,0.4578,-0.3967,-0.2289
0,0.4883,-0.4273,-0.2441
0,0.4578,-0.4425,-0.2289
0,0.4425,-0.412,-0.1984
0,0.3967,-0.4273,-0.1831
0,-0.9613,-5.2492,-2.7314
0,3.357,4.471,-6.2258
0,0.1221,0.3204,-0.1984
0,-1.0834,-1.587,-0.1984
0,0.9613,0,-0.2441
0,0.5341,-0.2899,-0.1831
0,0.412,-0.4425,-0.2747
0,0.4425,-0.4273,-0.2289
0,0.351,-0.4883,-0.2136
0,0.5951,-0.351,-0.2289
0,0.412,-0.4273,-0.1984
0,0.412,-0.3967,-0.2289
0,0.4273,-0.412,-0.2136
0,0.5188,-0.3815,-0.1984
0,0.3815,-0.4578,-0.1984
0,0.4578,-0.3967,-0.2289
0,0.4273,-0.4425,-0.1984
0,0.4578,-0.4273,-0.2289
0,0.4578,-0.4425,-0.2289
0,0.4273,-0.3967,-0.2136
0,0.4425,-0.412,-0.1831
0,0.4578,-0.3967,-0.1984
0,0.4578,-0.412,-0.2289
0,0.412,-0.4425,-0.1984
0,0.412,-0.4425,-0.2289
0,0.3967,-0.412,-0.1831
0,0.4883,-0.3967,-0.2136
0,0.3967,-0.4425,-0.2136
0,0.3357,-0.3967,-0.2289
0,0.473,-0.412,-0.2136
0,0.412,-0.3967,-0.1526
0,0.5188,-0.351,-0.1984
0,0.4425,-0.4273,-0.2289
0,0.4425,-0.412,-0.1984
0,0.3967,-0.4578,-0.2441
0,0.412,-0.412,-0.2136
0,0.4273,-0.3967,-0.2136
0,0.412,-0.4273,-0.1831
0,0.351,-0.412,-0.2136
0,0.3967,-0.4273,-0.1831
0,0.3967,-0.3967,-0.2441
0,0.412,-0.412,-0.1831
0,0.3815,-0.3967,-0.1831
0,0.4578,-0.3967,-0.2747
0,1.4954,-1.6938,-0.4578
0,1.175,-10.5594,-6.6836
0,-6.8514,4.532,-10.3
0,5.7527,6.4089,-1.8311
0,0.6256,-0.412,-0.2289
0,-0.3204,-0.9919,-0.1679
0,0.5646,-0.1831,-0.2899
0,0.2899,-0.5036,-0.2136
0,0.473,-0.3662,-0.2899
0,0.3967,-0.473,-0.2747
0,0.6104,-0.2136,-0.2289
0,0.412,-0.473,-0.1679
0,0.3815,-0.351,-0.2289
0,0.4273,-0.3967,-0.2289
0,0.4273,-0.3662,-0.1984
0,0.3815,-0.4425,-0.2289
0,0.473,-0.3815,-0.2136
0,0.412,-0.4273,-0.2136
0,0.3967,-0.412,-0.2441
0,0.4425,-0.412,-0.1831
0,0.3662,-0.3967,-0.2289